 Entering Link 1 = D:\G09W\l1.exe PID=      7684.
  
 Copyright (c) 1988,1990,1992,1993,1995,1998,2003,2009,2010,
            Gaussian, Inc.  All Rights Reserved.
  
 This is part of the Gaussian(R) 09 program.  It is based on
 the Gaussian(R) 03 system (copyright 2003, Gaussian, Inc.),
 the Gaussian(R) 98 system (copyright 1998, Gaussian, Inc.),
 the Gaussian(R) 94 system (copyright 1995, Gaussian, Inc.),
 the Gaussian 92(TM) system (copyright 1992, Gaussian, Inc.),
 the Gaussian 90(TM) system (copyright 1990, Gaussian, Inc.),
 the Gaussian 88(TM) system (copyright 1988, Gaussian, Inc.),
 the Gaussian 86(TM) system (copyright 1986, Carnegie Mellon
 University), and the Gaussian 82(TM) system (copyright 1983,
 Carnegie Mellon University). Gaussian is a federally registered
 trademark of Gaussian, Inc.
  
 This software contains proprietary and confidential information,
 including trade secrets, belonging to Gaussian, Inc.
  
 This software is provided under written license and may be
 used, copied, transmitted, or stored only in accord with that
 written license.
  
 The following legend is applicable only to US Government
 contracts under FAR:
  
                    RESTRICTED RIGHTS LEGEND
  
 Use, reproduction and disclosure by the US Government is
 subject to restrictions as set forth in subparagraphs (a)
 and (c) of the Commercial Computer Software - Restricted
 Rights clause in FAR 52.227-19.
  
 Gaussian, Inc.
 340 Quinnipiac St., Bldg. 40, Wallingford CT 06492
  
  
 ---------------------------------------------------------------
 Warning -- This program may not be used in any manner that
 competes with the business of Gaussian, Inc. or will provide
 assistance to any competitor of Gaussian, Inc.  The licensee
 of this program is prohibited from giving any competitor of
 Gaussian, Inc. access to this program.  By using this program,
 the user acknowledges that Gaussian, Inc. is engaged in the
 business of creating and licensing software in the field of
 computational chemistry and represents and warrants to the
 licensee that it is not a competitor of Gaussian, Inc. and that
 it will not use this program in any manner prohibited above.
 ---------------------------------------------------------------
  

 Cite this work as:
 Gaussian 09, Revision B.01,
 M. J. Frisch, G. W. Trucks, H. B. Schlegel, G. E. Scuseria, 
 M. A. Robb, J. R. Cheeseman, G. Scalmani, V. Barone, B. Mennucci, 
 G. A. Petersson, H. Nakatsuji, M. Caricato, X. Li, H. P. Hratchian, 
 A. F. Izmaylov, J. Bloino, G. Zheng, J. L. Sonnenberg, M. Hada, 
 M. Ehara, K. Toyota, R. Fukuda, J. Hasegawa, M. Ishida, T. Nakajima, 
 Y. Honda, O. Kitao, H. Nakai, T. Vreven, J. A. Montgomery, Jr., 
 J. E. Peralta, F. Ogliaro, M. Bearpark, J. J. Heyd, E. Brothers, 
 K. N. Kudin, V. N. Staroverov, T. Keith, R. Kobayashi, J. Normand, 
 K. Raghavachari, A. Rendell, J. C. Burant, S. S. Iyengar, J. Tomasi, 
 M. Cossi, N. Rega, J. M. Millam, M. Klene, J. E. Knox, J. B. Cross, 
 V. Bakken, C. Adamo, J. Jaramillo, R. Gomperts, R. E. Stratmann, 
 O. Yazyev, A. J. Austin, R. Cammi, C. Pomelli, J. W. Ochterski, 
 R. L. Martin, K. Morokuma, V. G. Zakrzewski, G. A. Voth, 
 P. Salvador, J. J. Dannenberg, S. Dapprich, A. D. Daniels, 
 O. Farkas, J. B. Foresman, J. V. Ortiz, J. Cioslowski, 
 and D. J. Fox, Gaussian, Inc., Wallingford CT, 2010.
 
 ******************************************
 Gaussian 09:  IA32W-G09RevB.01 12-Aug-2010
                30-Dec-2019 
 ******************************************
 %chk=H2O2_freq_polar_example.chk
 ------------------------------------------
 # RHF/6-31G NoSymm Freq(Raman) CPHF=RdFreq
 ------------------------------------------
 1/10=4,30=1,38=1,83=1/1,3;
 2/12=2,15=1,17=6,18=5,40=1/2;
 3/5=1,6=6,11=1,16=1,25=1,30=1,71=2,116=1/1,2,3;
 4//1;
 5/5=2,38=5,98=1/2;
 8/6=4,10=90,11=11/1;
 10/13=10,15=4,31=1,49=1,72=3,74=2/2;
 11/6=3,8=1,9=11,15=111,16=1,31=1,74=2/1,2,10;
 10/6=1,31=1,49=1,74=2/2;
 6/7=2,8=2,9=2,10=2,18=1,28=1/1;
 7/8=1,10=1,25=1,30=1/1,2,3,16;
 1/10=4,30=1/3;
 99//99;
 -----------------------------------------------
 H2O2 Frequency-Dependent Polarizability (Raman)
 -----------------------------------------------
 Symbolic Z-matrix:
 Charge =  0 Multiplicity = 1
 O                     0.        0.        0. 
 O                     0.        0.        1.5 
 H                     1.        0.        0. 
 H                     0.        0.7       1. 
 
 Using perturbation frequencies:    0.000000   45.563353

 GradGradGradGradGradGradGradGradGradGradGradGradGradGradGradGradGradGrad
 Berny optimization.
 Initialization pass.
 Trust Radius=3.00D-01 FncErr=1.00D-07 GrdErr=1.00D-07
 Number of steps in this run=      2 maximum allowed number of steps=      2.
 GradGradGradGradGradGradGradGradGradGradGradGradGradGradGradGradGradGrad

                          Input orientation:                          
 ---------------------------------------------------------------------
 Center     Atomic      Atomic             Coordinates (Angstroms)
 Number     Number       Type             X           Y           Z
 ---------------------------------------------------------------------
      1          8           0        0.000000    0.000000    0.000000
      2          8           0        0.000000    0.000000    1.500000
      3          1           0        1.000000    0.000000    0.000000
      4          1           0        0.000000    0.700000    1.000000
 ---------------------------------------------------------------------
                    Distance matrix (angstroms):
                    1          2          3          4
     1  O    0.000000
     2  O    1.500000   0.000000
     3  H    1.000000   1.802776   0.000000
     4  H    1.220656   0.860233   1.577973   0.000000
 Symmetry turned off by external request.
 Stoichiometry    H2O2
 Framework group  C1[X(H2O2)]
 Deg. of freedom     6
 Full point group                 C1      NOp   1
 Rotational constants (GHZ):    354.8636342     26.4228261     25.7886470
 Standard basis: 6-31G (6D, 7F)
 Integral buffers will be    262144 words long.
 Raffenetti 1 integral format.
 Two-electron integral symmetry is turned off.
    22 basis functions,    52 primitive gaussians,    22 cartesian basis functions
     9 alpha electrons        9 beta electrons
       nuclear repulsion energy        37.8846742418 Hartrees.
 NAtoms=    4 NActive=    4 NUniq=    4 SFac= 1.00D+00 NAtFMM=   50 NAOKFM=F Big=F
 One-electron integrals computed using PRISM.
 NBasis=    22 RedAO= T  NBF=    22
 NBsUse=    22 1.00D-06 NBFU=    22
 Harris functional with IExCor=  205 diagonalized for initial guess.
 ExpMin= 1.61D-01 ExpMax= 5.48D+03 ExpMxC= 8.25D+02 IAcc=1 IRadAn=         1 AccDes= 0.00D+00
 HarFok:  IExCor=  205 AccDes= 0.00D+00 IRadAn=         1 IDoV= 1
 ScaDFX=  1.000000  1.000000  1.000000  1.000000
 FoFCou: FMM=F IPFlag=           0 FMFlag=      100000 FMFlg1=           0
         NFxFlg=           0 DoJE=T BraDBF=F KetDBF=T FulRan=T
         Omega=  0.000000  0.000000  1.000000  0.000000  0.000000 ICntrl=     500 IOpCl=  0
         NMat0=    1 NMatS0=    1 NMatT0=    0 NMatD0=    1 NMtDS0=    0 NMtDT0=    0
         I1Cent=           4 NGrid=           0.
 Symmetry not used in FoFCou.
 Requested convergence on RMS density matrix=1.00D-08 within 128 cycles.
 Requested convergence on MAX density matrix=1.00D-06.
 Requested convergence on             energy=1.00D-06.
 No special actions if energy rises.
 Keep R1 ints in memory in canonical form, NReq=851990.
 SCF Done:  E(RHF) =  -150.585033785     A.U. after   13 cycles
             Convg  =    0.5655D-08             -V/T =  1.9966
 Range of M.O.s used for correlation:     1    22
 NBasis=    22 NAE=     9 NBE=     9 NFC=     0 NFV=     0
 NROrb=     22 NOA=     9 NOB=     9 NVA=    13 NVB=    13
          Differentiating once with respect to electric field.
                with respect to dipole field.
          Electric field/nuclear overlap derivatives assumed to be zero.
          Keep R1 and R3 ints in memory in canonical form, NReq=864571.
          There are     6 degrees of freedom in the 1st order CPHF.  IDoFFX=0.
 LinEq1:  Iter=  0 NonCon=     6 RMS=1.97D-01 Max=1.74D+00
 AX will form     6 AO Fock derivatives at one time.
 LinEq1:  Iter=  1 NonCon=     6 RMS=8.12D-02 Max=2.86D-01
 LinEq1:  Iter=  2 NonCon=     6 RMS=2.74D-02 Max=8.90D-02
 LinEq1:  Iter=  3 NonCon=     4 RMS=4.50D-03 Max=1.73D-02
 LinEq1:  Iter=  4 NonCon=     3 RMS=1.86D-03 Max=7.27D-03
 LinEq1:  Iter=  5 NonCon=     3 RMS=4.70D-04 Max=2.96D-03
 LinEq1:  Iter=  6 NonCon=     3 RMS=7.84D-05 Max=2.83D-04
 LinEq1:  Iter=  7 NonCon=     3 RMS=9.40D-06 Max=3.80D-05
 LinEq1:  Iter=  8 NonCon=     3 RMS=1.29D-06 Max=6.64D-06
 LinEq1:  Iter=  9 NonCon=     3 RMS=1.54D-07 Max=5.55D-07
 LinEq1:  Iter= 10 NonCon=     1 RMS=1.91D-08 Max=9.11D-08
 LinEq1:  Iter= 11 NonCon=     0 RMS=3.03D-09 Max=1.63D-08
 Linear equations converged to 1.000D-08 1.000D-07 after    11 iterations.
 Isotropic polarizability for W=    0.000000        9.58 Bohr**3.
 Isotropic polarizability for W=   45.563353        0.00 Bohr**3.
 End of Minotr Frequency-dependent properties on file   721 Mask=      11 NFrqRd=     2 NDeriv=     1 LenFil=      58:
 Frequencies=    0.000000   45.563353
 Property number 1 -- Alpha(-w,w) frequency  1    0.000000:
                 1             2             3 
      1   0.658142D+01 -0.841017D-01 -0.145378D+01
      2  -0.841017D-01  0.426836D+01  0.399688D+00
      3  -0.145378D+01  0.399688D+00  0.178903D+02
 Property number 1 -- Alpha(-w,w) frequency  2   45.563353:
                 1             2             3 
      1  -0.339006D-02  0.323942D-04 -0.262886D-04
      2   0.323942D-04 -0.353767D-02  0.379883D-03
      3  -0.262886D-04  0.379883D-03 -0.437398D-02
 Property number 5 -- Beta(-w,w,0) frequency  1    0.000000:
                 1 
      1   0.303020D+02
      2  -0.156111D+00
      3  -0.461191D+00
      4  -0.112586D+02
      5   0.228420D+00
      6   0.169809D+01
      7  -0.156111D+00
      8  -0.461191D+00
      9   0.150403D+02
     10   0.228420D+00
     11   0.210280D+01
     12  -0.278328D+01
     13  -0.112586D+02
     14   0.228420D+00
     15   0.210280D+01
     16   0.169809D+01
     17  -0.278328D+01
     18   0.150093D+02
 Property number 5 -- Beta(-w,w,0) frequency  2   45.563353:
                 1 
      1  -0.668091D-03
      2  -0.623736D-04
      3   0.361453D-03
      4   0.307396D-03
      5  -0.112811D-03
      6  -0.841456D-04
      7   0.310638D-03
      8  -0.111835D-03
      9  -0.818572D-03
     10   0.473451D-04
     11  -0.796090D-04
     12  -0.459521D-04
     13  -0.851866D-04
     14   0.173505D-04
     15  -0.599604D-04
     16   0.306241D-03
     17   0.379112D-03
     18  -0.735139D-03
 End of Minotr Frequency-dependent properties file   722 does not exist.
 Symmetrizing basis deriv contribution to polar:
 IMax=3 JMax=2 DiffMx= 0.00D+00
 G2DrvN: will do     5 centers at a time, making    1 passes doing MaxLOS=1.
 Calling FoFCou, ICntrl=  3107 FMM=F I1Cent=   0 AccDes= 0.00D+00.
 FoFDir/FoFCou used for L=0 through L=1.
 End of G2Drv Frequency-dependent properties on file   721 Mask=      11 NFrqRd=     2 NDeriv=     1 LenFil=      58:
 Frequencies=    0.000000   45.563353
 Property number 1 -- Alpha(-w,w) frequency  1    0.000000:
                 1             2             3 
      1   0.658142D+01 -0.841017D-01 -0.145378D+01
      2  -0.841017D-01  0.426836D+01  0.399688D+00
      3  -0.145378D+01  0.399688D+00  0.178903D+02
 Property number 1 -- Alpha(-w,w) frequency  2   45.563353:
                 1             2             3 
      1  -0.339006D-02  0.323942D-04 -0.262886D-04
      2   0.323942D-04 -0.353767D-02  0.379883D-03
      3  -0.262886D-04  0.379883D-03 -0.437398D-02
 Property number 5 -- Beta(-w,w,0) frequency  1    0.000000:
                 1 
      1   0.303020D+02
      2  -0.156111D+00
      3  -0.461191D+00
      4  -0.112586D+02
      5   0.228420D+00
      6   0.169809D+01
      7  -0.156111D+00
      8  -0.461191D+00
      9   0.150403D+02
     10   0.228420D+00
     11   0.210280D+01
     12  -0.278328D+01
     13  -0.112586D+02
     14   0.228420D+00
     15   0.210280D+01
     16   0.169809D+01
     17  -0.278328D+01
     18   0.150093D+02
 Property number 5 -- Beta(-w,w,0) frequency  2   45.563353:
                 1 
      1  -0.668091D-03
      2  -0.623736D-04
      3   0.361453D-03
      4   0.307396D-03
      5  -0.112811D-03
      6  -0.841456D-04
      7   0.310638D-03
      8  -0.111835D-03
      9  -0.818572D-03
     10   0.473451D-04
     11  -0.796090D-04
     12  -0.459521D-04
     13  -0.851866D-04
     14   0.173505D-04
     15  -0.599604D-04
     16   0.306241D-03
     17   0.379112D-03
     18  -0.735139D-03
 End of G2Drv Frequency-dependent properties on file   722 Mask=       1 NFrqRd=     2 NDeriv=    12 LenFil=     220:
 Frequencies=    0.000000   45.563353
 Property number 1 -- Alpha(-w,w) derivatives, frequency  1    0.000000:
                 1             2             3             4             5 
      1  -0.154930D+01  0.908332D-01  0.696917D+00 -0.457715D-02  0.870327D-01
      2   0.908332D-01  0.925013D-01 -0.208225D-01  0.870327D-01 -0.239837D+00
      3   0.696917D+00 -0.208225D-01 -0.482090D+00  0.866944D-01  0.800474D+00
                 6             7             8             9            10 
      1   0.866944D-01  0.544011D-01  0.635756D-01  0.126504D+01  0.985149D-01
      2   0.800474D+00  0.635756D-01  0.297110D+00 -0.126508D+00  0.766713D-01
      3  -0.200935D+00  0.126504D+01 -0.126508D+00 -0.666290D+01 -0.733004D+00
                11            12            13            14            15 
      1   0.766713D-01 -0.733004D+00  0.667289D-01 -0.130079D+00 -0.756991D-01
      2   0.614337D-04  0.163359D-01 -0.130079D+00 -0.633487D+00  0.123921D-01
      3   0.163359D-01  0.683465D+00 -0.756991D-01  0.123921D-01  0.555346D+00
                16            17            18            19            20 
      1  -0.120959D+00 -0.627688D-02 -0.599124D+00  0.146743D+01 -0.108169D-01
      2  -0.627688D-02 -0.127451D+00  0.407734D+00 -0.108169D-01 -0.766630D-01
      3  -0.599124D+00  0.407734D+00  0.598070D+01  0.890672D-01 -0.331661D-01
                21            22            23            24            25 
      1   0.890672D-01 -0.803283D-02 -0.140180D+00  0.918451D-02  0.527558D-01
      2  -0.331661D-01 -0.140180D+00 -0.194263D-02 -0.261309D-01 -0.613634D-02
      3  -0.318529D+00  0.918451D-02 -0.261309D-01  0.271100D-01 -0.618883D+00
                26            27            28            29            30 
      1  -0.613634D-02 -0.618883D+00 -0.166435D-01 -0.156688D+00 -0.529803D-01
      2  -0.118913D-01  0.139925D-02 -0.156688D+00 -0.158997D-01  0.376527D-01
      3   0.139925D-02  0.338958D+00 -0.529803D-01  0.376527D-01  0.117154D+00
                31            32            33            34            35 
      1  -0.541190D-01  0.183227D+00 -0.201798D-01  0.138019D-01 -0.511624D-01
      2   0.183227D+00  0.875266D+00 -0.786735D+00 -0.511624D-01 -0.157768D+00
      3  -0.201798D-01 -0.786735D+00 -0.381521D+00 -0.470376D-01 -0.282626D+00
                36 
      1  -0.470376D-01
      2  -0.282626D+00
      3   0.343238D+00
 Property number 1 -- Alpha(-w,w) derivatives, frequency  2   45.563353:
                 1             2             3             4             5 
      1  -0.710462D-03 -0.794991D-05  0.221393D-04  0.291073D-04  0.700414D-05
      2  -0.794991D-05 -0.148315D-05 -0.660516D-05  0.700414D-05 -0.115128D-03
      3   0.221393D-04 -0.660516D-05 -0.361288D-04 -0.143436D-05  0.538252D-04
                 6             7             8             9            10 
      1  -0.143436D-05 -0.186474D-03 -0.110322D-05 -0.213243D-04  0.000000D+00
      2   0.538252D-04 -0.110322D-05 -0.180711D-03  0.554262D-04  0.222147D-04
      3   0.129054D-04 -0.213243D-04  0.554262D-04 -0.153618D-02 -0.263232D-04
                11            12            13            14            15 
      1   0.222147D-04 -0.263232D-04  0.189053D-04  0.435424D-05  0.000000D+00
      2  -0.243238D-04 -0.806183D-05  0.435424D-05 -0.444005D-03  0.239656D-03
      3  -0.806183D-05  0.471554D-04  0.000000D+00  0.239656D-03 -0.278769D-03
                16            17            18            19            20 
      1   0.154798D-03  0.142740D-05 -0.323193D-04  0.704418D-03 -0.676393D-05
      2   0.142740D-05  0.401721D-03 -0.163452D-03 -0.676393D-05  0.247551D-04
      3  -0.323193D-04 -0.163452D-03  0.170228D-02 -0.276123D-04  0.564439D-05
                21            22            23            24            25 
      1  -0.276123D-04  0.156668D-05 -0.303886D-05  0.309053D-05  0.612201D-04
      2   0.564439D-05 -0.303886D-05 -0.180446D-05  0.139262D-04  0.114120D-04
      3  -0.125005D-04  0.309053D-05  0.139262D-04  0.408795D-05  0.619040D-04
                26            27            28            29            30 
      1   0.114120D-04  0.619040D-04  0.546624D-05 -0.750089D-05  0.317961D-04
      2  -0.370809D-04  0.000000D+00 -0.750089D-05  0.105187D-05  0.902260D-05
      3   0.000000D+00 -0.394321D-04  0.317961D-04  0.902260D-05  0.147396D-05
                31            32            33            34            35 
      1  -0.495793D-04 -0.831953D-05 -0.163530D-05 -0.295441D-04 -0.117362D-04
      2  -0.831953D-05  0.560937D-03 -0.307408D-03 -0.117362D-04 -0.183929D-03
      3  -0.163530D-05 -0.307408D-03  0.261776D-03 -0.826047D-05  0.108925D-03
                36 
      1  -0.826047D-05
      2   0.108925D-03
      3  -0.126663D-03
          IDoAtm=1111
          Differentiating once with respect to electric field.
                with respect to dipole field.
          Differentiating once with respect to nuclear coordinates.
          Keep R1 and R3 ints in memory in canonical form, NReq=864612.
          There are    15 degrees of freedom in the 1st order CPHF.  IDoFFX=1.
 Will reuse    3 saved solutions.
      9 vectors produced by pass  0 Test12= 7.80D-16 6.67D-09 XBig12= 5.29D-02 1.21D-01.
 AX will form     9 AO Fock derivatives at one time.
      9 vectors produced by pass  1 Test12= 7.80D-16 6.67D-09 XBig12= 7.30D-03 2.94D-02.
      9 vectors produced by pass  2 Test12= 7.80D-16 6.67D-09 XBig12= 3.70D-04 6.60D-03.
      9 vectors produced by pass  3 Test12= 7.80D-16 6.67D-09 XBig12= 2.20D-06 4.87D-04.
      9 vectors produced by pass  4 Test12= 7.80D-16 6.67D-09 XBig12= 9.25D-09 2.23D-05.
      9 vectors produced by pass  5 Test12= 7.80D-16 6.67D-09 XBig12= 2.66D-11 1.81D-06.
      7 vectors produced by pass  6 Test12= 7.80D-16 6.67D-09 XBig12= 1.40D-13 1.17D-07.
      1 vectors produced by pass  7 Test12= 7.80D-16 6.67D-09 XBig12= 5.64D-16 6.85D-09.
 Inverted reduced A of dimension    62 with in-core refinement.
 Isotropic polarizability for W=    0.000000        9.58 Bohr**3.
 End of Minotr Frequency-dependent properties on file   721 Mask=      11 NFrqRd=     2 NDeriv=     1 LenFil=      58:
 Frequencies=    0.000000   45.563353
 Property number 1 -- Alpha(-w,w) frequency  1    0.000000:
                 1             2             3 
      1   0.658142D+01 -0.841017D-01 -0.145378D+01
      2  -0.841017D-01  0.426836D+01  0.399688D+00
      3  -0.145378D+01  0.399688D+00  0.178903D+02
 Property number 1 -- Alpha(-w,w) frequency  2   45.563353:
                 1             2             3 
      1  -0.339006D-02  0.323942D-04 -0.262886D-04
      2   0.323942D-04 -0.353767D-02  0.379883D-03
      3  -0.262886D-04  0.379883D-03 -0.437398D-02
 Property number 5 -- Beta(-w,w,0) frequency  1    0.000000:
                 1 
      1   0.303020D+02
      2  -0.156111D+00
      3  -0.461191D+00
      4  -0.112586D+02
      5   0.228420D+00
      6   0.169809D+01
      7  -0.156111D+00
      8  -0.461191D+00
      9   0.150403D+02
     10   0.228420D+00
     11   0.210280D+01
     12  -0.278328D+01
     13  -0.112586D+02
     14   0.228420D+00
     15   0.210280D+01
     16   0.169809D+01
     17  -0.278328D+01
     18   0.150093D+02
 Property number 5 -- Beta(-w,w,0) frequency  2   45.563353:
                 1 
      1  -0.668091D-03
      2  -0.623736D-04
      3   0.361453D-03
      4   0.307396D-03
      5  -0.112811D-03
      6  -0.841456D-04
      7   0.310638D-03
      8  -0.111835D-03
      9  -0.818572D-03
     10   0.473451D-04
     11  -0.796090D-04
     12  -0.459521D-04
     13  -0.851866D-04
     14   0.173505D-04
     15  -0.599604D-04
     16   0.306241D-03
     17   0.379112D-03
     18  -0.735139D-03
 End of Minotr Frequency-dependent properties on file   722 Mask=       1 NFrqRd=     2 NDeriv=    12 LenFil=     220:
 Frequencies=    0.000000   45.563353
 Property number 1 -- Alpha(-w,w) derivatives, frequency  1    0.000000:
                 1             2             3             4             5 
      1  -0.728725D+01 -0.366297D+00 -0.219223D+01 -0.541860D+00 -0.158587D+01
      2  -0.366297D+00  0.860424D-01 -0.895819D-01 -0.158587D+01 -0.103833D+01
      3  -0.219223D+01 -0.895819D-01 -0.213564D+01  0.149524D+00 -0.399538D+01
                 6             7             8             9            10 
      1   0.149524D+00 -0.775222D+00 -0.110357D-01 -0.235075D+00 -0.115941D+01
      2  -0.399538D+01 -0.110357D-01 -0.134131D+00 -0.613521D+00 -0.669193D+00
      3   0.428402D+00 -0.235075D+00 -0.613521D+00 -0.190156D+02  0.494423D+01
                11            12            13            14            15 
      1  -0.669193D+00  0.494423D+01  0.270762D+00 -0.427039D+00 -0.820299D-01
      2  -0.105510D+00 -0.510485D-01 -0.427039D+00 -0.220633D+01  0.499994D+01
      3  -0.510485D-01  0.957829D+00 -0.820299D-01  0.499994D+01  0.116652D+01
                16            17            18            19            20 
      1   0.135389D+00 -0.845801D-01 -0.116322D+01  0.819010D+01 -0.230524D+00
      2  -0.845801D-01  0.862163D+00  0.654285D+00 -0.230524D+00 -0.178345D+00
      3  -0.116322D+01  0.654285D+00  0.182920D+02 -0.288932D+01  0.745493D-01
                21            22            23            24            25 
      1  -0.288932D+01  0.268597D+00  0.211023D+01 -0.115383D+00  0.560552D-01
      2   0.745493D-01  0.211023D+01  0.494582D-01 -0.723051D+00  0.507194D-01
      3   0.130423D+01 -0.115383D+00 -0.723051D+00 -0.884924D-01  0.156924D+01
                26            27            28            29            30 
      1   0.507194D-01  0.156924D+01  0.256552D+00  0.126601D+01  0.137319D+00
      2   0.395480D-01 -0.549976D-01  0.126601D+01  0.197813D+00  0.660811D-01
      3  -0.549976D-01 -0.228291D+00  0.137319D+00  0.660811D-01 -0.126416D+00
                31            32            33            34            35 
      1   0.250173D-02 -0.973235D-01  0.478888D-01  0.583778D+00  0.448964D-01
      2  -0.973235D-01  0.319520D+01 -0.281511D+00  0.448964D-01 -0.767580D+00
      3   0.478888D-01 -0.281511D+00 -0.150643D+01 -0.170944D+00  0.142331D-01
                36 
      1  -0.170944D+00
      2   0.142331D-01
      3   0.951949D+00
 Property number 1 -- Alpha(-w,w) derivatives, frequency  2   45.563353:
                 1             2             3             4             5 
      1  -0.351361D-03  0.915365D-04  0.779972D-03  0.209685D-03  0.343302D-03
      2   0.915365D-04 -0.203596D-03 -0.305710D-04  0.343302D-03 -0.183340D-03
      3   0.779972D-03 -0.305710D-04  0.332980D-04  0.563382D-04  0.143409D-03
                 6             7             8             9            10 
      1   0.563382D-04 -0.227738D-03  0.682875D-04  0.673110D-03 -0.913405D-05
      2   0.143409D-03  0.682875D-04 -0.379198D-03 -0.165102D-03  0.485454D-03
      3  -0.506527D-03  0.673110D-03 -0.165102D-03 -0.566846D-03 -0.955118D-03
                11            12            13            14            15 
      1   0.485454D-03 -0.955118D-03 -0.155394D-04  0.000000D+00 -0.360640D-05
      2  -0.356847D-05  0.117706D-04  0.000000D+00  0.196324D-03  0.000000D+00
      3   0.117706D-04  0.198743D-04 -0.360640D-05  0.000000D+00 -0.283577D-03
                16            17            18            19            20 
      1   0.475310D-03 -0.135655D-04  0.102581D-04  0.317480D-03 -0.461573D-05
      2  -0.135655D-04  0.605709D-03 -0.316857D-03 -0.461573D-05  0.258637D-03
      3   0.102581D-04 -0.316857D-03 -0.530567D-03 -0.273381D-04 -0.369602D-04
                21            22            23            24            25 
      1  -0.273381D-04 -0.417343D-05 -0.322552D-03 -0.592953D-04  0.571136D-04
      2  -0.369602D-04 -0.322552D-03 -0.174542D-05  0.251166D-04 -0.452032D-04
      3  -0.972729D-04 -0.592953D-04  0.251166D-04  0.308705D-04 -0.709506D-03
                26            27            28            29            30 
      1  -0.452032D-04 -0.709506D-03  0.430160D-04 -0.572375D-03  0.202484D-03
      2  -0.568246D-04  0.905576D-04 -0.572375D-03 -0.514725D-04  0.557606D-04
      3   0.905576D-04  0.460791D-04  0.202484D-03  0.557606D-04  0.441006D-04
                31            32            33            34            35 
      1  -0.189972D-03 -0.211238D-04  0.656348D-05 -0.304686D-03 -0.951877D-05
      2  -0.211238D-04 -0.112391D-04 -0.168380D-03 -0.951877D-05 -0.169687D-03
      3   0.656348D-05 -0.168380D-03  0.759233D-03  0.261373D-04  0.391401D-03
                36 
      1   0.261373D-04
      2   0.391401D-03
      3   0.105133D-02

 **********************************************************************

            Population analysis using the SCF density.

 **********************************************************************

 Alpha  occ. eigenvalues --  -20.67103 -20.63571  -1.58083  -1.23933  -0.76882
 Alpha  occ. eigenvalues --   -0.72551  -0.58961  -0.52943  -0.51920
 Alpha virt. eigenvalues --    0.15566   0.19046   0.30990   1.01629   1.08030
 Alpha virt. eigenvalues --    1.11567   1.12472   1.21425   1.25020   1.30673
 Alpha virt. eigenvalues --    1.34264   1.70655   1.87645
          Condensed to atoms (all electrons):
              1          2          3          4
     1  O    8.431457  -0.078595   0.227632  -0.056793
     2  O   -0.078595   8.242001  -0.025707   0.233868
     3  H    0.227632  -0.025707   0.352064  -0.000064
     4  H   -0.056793   0.233868  -0.000064   0.373797
 Mulliken atomic charges:
              1
     1  O   -0.523702
     2  O   -0.371566
     3  H    0.446076
     4  H    0.449192
 Sum of Mulliken atomic charges =   0.00000
 Mulliken charges with hydrogens summed into heavy atoms:
              1
     1  O   -0.077626
     2  O    0.077626
 Sum of Mulliken charges with hydrogens summed into heavy atoms =   0.00000
 APT atomic charges:
              1
     1  O   -0.411023
     2  O   -0.280353
     3  H    0.303412
     4  H    0.387964
 Sum of APT charges=   0.00000
 APT Atomic charges with hydrogens summed into heavy atoms:
              1
     1  O   -0.107611
     2  O    0.107611
     3  H    0.000000
     4  H    0.000000
 Sum of APT charges=   0.00000
 Electronic spatial extent (au):  <R**2>=             99.8625
 Charge=              0.0000 electrons
 Dipole moment (field-independent basis, Debye):
    X=              2.2619    Y=              1.6851    Z=             -0.7490  Tot=              2.9184
 Quadrupole moment (field-independent basis, Debye-Ang):
   XX=            -10.0031   YY=            -11.1041   ZZ=            -14.7935
   XY=             -0.0029   XZ=             -0.0874   YZ=              1.7984
 Traceless Quadrupole moment (field-independent basis, Debye-Ang):
   XX=              1.9638   YY=              0.8628   ZZ=             -2.8266
   XY=             -0.0029   XZ=             -0.0874   YZ=              1.7984
 Octapole moment (field-independent basis, Debye-Ang**2):
  XXX=              1.0048  YYY=             -0.0015  ZZZ=            -31.2247  XYY=             -0.3454
  XXY=             -0.1621  XXZ=             -9.1449  XZZ=             -0.2570  YZZ=              2.0036
  YYZ=             -7.4515  XYZ=              0.0057
 Hexadecapole moment (field-independent basis, Debye-Ang**3):
 XXXX=             -8.2703 YYYY=             -8.8554 ZZZZ=            -91.2437 XXXY=             -0.0069
 XXXZ=             -0.0156 YYYX=             -0.0083 YYYZ=              0.0150 ZZZX=              0.1646
 ZZZY=              2.2087 XXYY=             -3.3142 XXZZ=            -17.0573 YYZZ=            -14.6949
 XXYZ=             -0.1433 YYXZ=             -0.0211 ZZXY=              0.0102
 N-N= 3.788467424183D+01 E-N=-4.335200886046D+02  KE= 1.510996279781D+02
  Exact polarizability:   6.581  -0.084   4.268  -1.454   0.400  17.890
 Approx polarizability:   5.021   0.003   3.379  -0.163  -0.100  14.543
 Calling FoFJK, ICntrl=    100127 FMM=F ISym2X=0 I1Cent= 0 IOpClX= 0 NMat=1 NMatS=1 NMatT=0.
 Full mass-weighted force constant matrix:
 Low frequencies ----2050.6368-1409.5095 -384.5470 -348.0539   -0.0023   -0.0011
 Low frequencies ---    0.0006  924.6904 1384.0936
 ******    2 imaginary frequencies (negative Signs) ****** 
 Harmonic frequencies (cm**-1), IR intensities (KM/Mole), Raman scattering
 activities (A**4/AMU), depolarization ratios for plane and unpolarized
 incident light, reduced masses (AMU), force constants (mDyne/A),
 and normal coordinates:
 Incident light (cm**-1):       0.00**********
                     1                      2                      3
                     A                      A                      A
 Frequencies -- -1580.6089             -1218.3809              1370.6206
 Red. masses --     1.1543                 1.2278                 2.9887
 Frc consts  --     1.6990                 1.0738                 3.3080
 IR Inten    --   195.2349               105.4142                99.7388
 Raman Activ --     8.6799                10.0577                32.1861
 Depolar (P) --     0.7278                 0.4951                 0.2618
 Depolar (U) --     0.8425                 0.6623                 0.4149
 RamAct Fr= 1--     8.6799                10.0577                32.1861
  Dep-P Fr= 1--     0.7278                 0.4951                 0.2618
  Dep-U Fr= 1--     0.8425                 0.6623                 0.4149
 RamAct Fr= 2--     0.0000                 0.0000                 0.0000
  Dep-P Fr= 2--     0.6721                 0.6936                 0.4654
  Dep-U Fr= 2--     0.8039                 0.8191                 0.6352
  Atom  AN      X      Y      Z        X      Y      Z        X      Y      Z
     1   8     0.01   0.05  -0.04     0.01   0.00   0.06     0.02   0.02   0.29
     2   8     0.03   0.00   0.07     0.03   0.00  -0.10    -0.02  -0.01  -0.21
     3   1     0.00  -0.45   0.02    -0.02  -0.41   0.09    -0.03   0.04  -0.53
     4   1    -0.64  -0.30  -0.55    -0.59   0.35   0.59     0.06  -0.22  -0.73
                     4                      5                      6
                     A                      A                      A
 Frequencies --  1647.5426              3389.8666              5347.9015
 Red. masses --     1.1408                 1.0599                 1.0622
 Frc consts  --     1.8244                 7.1759                17.8991
 IR Inten    --    17.5359                47.6776               105.1116
 Raman Activ --     7.7506                81.9991                10.5699
 Depolar (P) --     0.6397                 0.3249                 0.5918
 Depolar (U) --     0.7803                 0.4905                 0.7436
 RamAct Fr= 1--     7.7506                81.9991                10.5699
  Dep-P Fr= 1--     0.6397                 0.3249                 0.5918
  Dep-U Fr= 1--     0.7803                 0.4905                 0.7436
 RamAct Fr= 2--     0.0000                 0.0000                 0.0000
  Dep-P Fr= 2--     0.7384                 0.2489                 0.5934
  Dep-U Fr= 2--     0.8495                 0.3985                 0.7448
  Atom  AN      X      Y      Z        X      Y      Z        X      Y      Z
     1   8     0.04   0.00  -0.02     0.06   0.00   0.00     0.00   0.01   0.00
     2   8    -0.04   0.00   0.07     0.00   0.00   0.00     0.00   0.05  -0.03
     3   1    -0.04  -0.06  -0.96    -0.99   0.02   0.08     0.00   0.00   0.00
     4   1    -0.08   0.07   0.23     0.03  -0.01  -0.01     0.00  -0.90   0.43

 -------------------
 - Thermochemistry -
 -------------------
 Temperature   298.150 Kelvin.  Pressure   1.00000 Atm.
 Atom     1 has atomic number  8 and mass  15.99491
 Atom     2 has atomic number  8 and mass  15.99491
 Atom     3 has atomic number  1 and mass   1.00783
 Atom     4 has atomic number  1 and mass   1.00783
 Molecular mass:    34.00548 amu.
 Principal axes and moments of inertia in atomic units:
                           1         2         3
     Eigenvalues --     5.08573  68.30235  69.98200
           X           -0.04190   0.99872   0.02819
           Y            0.01032  -0.02778   0.99956
           Z            0.99907   0.04217  -0.00914
 This molecule is an asymmetric top.
 Rotational symmetry number  1.
 Rotational temperatures (Kelvin)     17.03075     1.26809     1.23766
 Rotational constants (GHZ):         354.86363    26.42283    25.78865
    2 imaginary frequencies ignored.
 Zero-point vibrational energy      70316.1 (Joules/Mol)
                                   16.80595 (Kcal/Mol)
 Vibrational temperatures:   1972.01  2370.44  4877.26  7694.43
          (Kelvin)
 
 Zero-point correction=                           0.026782 (Hartree/Particle)
 Thermal correction to Energy=                    0.029626
 Thermal correction to Enthalpy=                  0.030570
 Thermal correction to Gibbs Free Energy=         0.004739
 Sum of electronic and zero-point Energies=           -150.558252
 Sum of electronic and thermal Energies=              -150.555408
 Sum of electronic and thermal Enthalpies=            -150.554464
 Sum of electronic and thermal Free Energies=         -150.580295
 
                     E (Thermal)             CV                S
                      KCal/Mol        Cal/Mol-Kelvin    Cal/Mol-Kelvin
 Total                   18.590              6.123             54.366
 Electronic               0.000              0.000              0.000
 Translational            0.889              2.981             36.503
 Rotational               0.889              2.981             17.837
 Vibrational             16.813              0.161              0.027
                       Q            Log10(Q)             Ln(Q)
 Total Bot       0.661330D-02         -2.179582         -5.018672
 Total V=0       0.137800D+11         10.139249         23.346483
 Vib (Bot)       0.480735D-12        -12.318094        -28.363460
 Vib (V=0)       0.100170D+01          0.000736          0.001695
 Electronic      0.100000D+01          0.000000          0.000000
 Translational   0.779433D+07          6.891779         15.868907
 Rotational      0.176496D+04          3.246734          7.475882
 -------------------------------------------------------------------
 Center     Atomic                   Forces (Hartrees/Bohr)
 Number     Number              X              Y              Z
 -------------------------------------------------------------------
      1        8           0.067268041   -0.069507286   -0.096102269
      2        8          -0.012909467   -0.141951433    0.117564235
      3        1          -0.034228556   -0.014091020   -0.039494229
      4        1          -0.020130018    0.225549739    0.018032264
 -------------------------------------------------------------------
 Cartesian Forces:  Max     0.225549739 RMS     0.094544135
 End of FrcOut Frequency-dependent properties on file   721 Mask=      11 NFrqRd=     2 NDeriv=     1 LenFil=      58:
 Frequencies=    0.000000   45.563353
 Property number 1 -- Alpha(-w,w) frequency  1    0.000000:
                 1             2             3 
      1   0.658142D+01 -0.841017D-01 -0.145378D+01
      2  -0.841017D-01  0.426836D+01  0.399688D+00
      3  -0.145378D+01  0.399688D+00  0.178903D+02
 Property number 1 -- Alpha(-w,w) frequency  2   45.563353:
                 1             2             3 
      1  -0.339006D-02  0.323942D-04 -0.262886D-04
      2   0.323942D-04 -0.353767D-02  0.379883D-03
      3  -0.262886D-04  0.379883D-03 -0.437398D-02
 Property number 5 -- Beta(-w,w,0) frequency  1    0.000000:
                 1 
      1   0.303020D+02
      2  -0.156111D+00
      3  -0.461191D+00
      4  -0.112586D+02
      5   0.228420D+00
      6   0.169809D+01
      7  -0.156111D+00
      8  -0.461191D+00
      9   0.150403D+02
     10   0.228420D+00
     11   0.210280D+01
     12  -0.278328D+01
     13  -0.112586D+02
     14   0.228420D+00
     15   0.210280D+01
     16   0.169809D+01
     17  -0.278328D+01
     18   0.150093D+02
 Property number 5 -- Beta(-w,w,0) frequency  2   45.563353:
                 1 
      1  -0.668091D-03
      2  -0.623736D-04
      3   0.361453D-03
      4   0.307396D-03
      5  -0.112811D-03
      6  -0.841456D-04
      7   0.310638D-03
      8  -0.111835D-03
      9  -0.818572D-03
     10   0.473451D-04
     11  -0.796090D-04
     12  -0.459521D-04
     13  -0.851866D-04
     14   0.173505D-04
     15  -0.599604D-04
     16   0.306241D-03
     17   0.379112D-03
     18  -0.735139D-03
 End of FrcOut Frequency-dependent properties on file   722 Mask=       1 NFrqRd=     2 NDeriv=    12 LenFil=     220:
 Frequencies=    0.000000   45.563353
 Property number 1 -- Alpha(-w,w) derivatives, frequency  1    0.000000:
                 1             2             3             4             5 
      1  -0.728725D+01 -0.366297D+00 -0.219223D+01 -0.541860D+00 -0.158587D+01
      2  -0.366297D+00  0.860424D-01 -0.895819D-01 -0.158587D+01 -0.103833D+01
      3  -0.219223D+01 -0.895819D-01 -0.213564D+01  0.149524D+00 -0.399538D+01
                 6             7             8             9            10 
      1   0.149524D+00 -0.775222D+00 -0.110357D-01 -0.235075D+00 -0.115941D+01
      2  -0.399538D+01 -0.110357D-01 -0.134131D+00 -0.613521D+00 -0.669193D+00
      3   0.428402D+00 -0.235075D+00 -0.613521D+00 -0.190156D+02  0.494423D+01
                11            12            13            14            15 
      1  -0.669193D+00  0.494423D+01  0.270762D+00 -0.427039D+00 -0.820299D-01
      2  -0.105510D+00 -0.510485D-01 -0.427039D+00 -0.220633D+01  0.499994D+01
      3  -0.510485D-01  0.957829D+00 -0.820299D-01  0.499994D+01  0.116652D+01
                16            17            18            19            20 
      1   0.135389D+00 -0.845801D-01 -0.116322D+01  0.819010D+01 -0.230524D+00
      2  -0.845801D-01  0.862163D+00  0.654285D+00 -0.230524D+00 -0.178345D+00
      3  -0.116322D+01  0.654285D+00  0.182920D+02 -0.288932D+01  0.745493D-01
                21            22            23            24            25 
      1  -0.288932D+01  0.268597D+00  0.211023D+01 -0.115383D+00  0.560552D-01
      2   0.745493D-01  0.211023D+01  0.494582D-01 -0.723051D+00  0.507194D-01
      3   0.130423D+01 -0.115383D+00 -0.723051D+00 -0.884924D-01  0.156924D+01
                26            27            28            29            30 
